0.3845415560400181
0.38765815089229716
0.40369858579999685
0.4062271361608063
0.45321322146317733
0.44216332352293086
0.38370349172979173
0.4862855487308753
0.42844634644005214
0.44705618461980917
0.4219269588394987
0.5109961212711722
0.4636571660285631
0.47763231402391654
0.5086992401366931
0.4896162035869806
0.45703725544437274
0.4857706232467025
0.45998254627039076
0.4452780175998749
0.4798311505871364
0.49841925944607735
0.4688782765604953
0.49836203165604953
0.4868904018370249
0.5057629074093983
0.4520045958008035
0.4935195509186482
0.46713424195234904
0.48906610663747907
0.4952844906338678
0.4707164346017849
0.48771997049589666
0.47666454847131956
0.46489212679541947
0.4628918758970289
0.44534931164435276
0.4701589297633034
0.4629421854899858
0.48802041205876795
0.5046961177472453
0.49332532751622116
0.5023933525085075
0.4927813002361469
0.4812037779436279
0.4770039183795552
0.4688992201861235
0.4633069561287293
0.47061470769561264
0.4822394438716599
0.48300086044725465
0.45816481091313016
0.475168520535331
0.4823861601549887
0.45605770021986186
0.479076190131105
0.4888860306322893
0.4932326645592077
0.4749205525107708
0.48075741377116316
0.4715254360801359
0.48266611485727345
0.45473359461973706
0.47718111355833476
0.4622613449583354
0.46576167062866025
0.4818427233066838
0.46055636708207903
0.4808676187081461
0.45445959205292485
0.4480897530668972
0.44256405961508527
0.4676446396866443
0.45663802757702854
0.46864176387975964
0.44596272114379276
0.46993149720016897
0.4825377311291436
0.4384736884672763
0.478143731350957
0.44936125321848724
0.46458444521735875
0.44981287221734884
0.46908394584686286
0.46213329249162594
0.45287545267990537
0.4590295225261016
0.453197793801006
0.4529813923234447
0.4480974124217608
0.46532981804874207
0.44728791859583056
0.475849100484573
0.4861450971808881
0.46108748424495943
