-3.2114553988067733
-3.7017667503862093
-3.6652168670106517
-3.5902139292076996
-3.1283884054883817
-3.6246432081828375
-3.7080088289047612
-3.1718862105210017
-3.520011532906269
-3.9885305890928544
-3.3218984314722375
-3.333509103950977
-3.2733716712482273
-3.4912621728145887
-3.3544885012793935
-3.3947619118667745
-3.6783739689638333
-3.6556302344185765
-4.107361571533719
-4.0918300623867045
-3.7989455012997415
-3.609987538154172
-3.860497248777734
-3.325965669397076
-3.2980994952907032
-3.599613722152877
-3.735260519006193
-3.381122950745013
-4.066638794680827
-3.834008475790975
-3.5148712776757307
-3.686582736862592
-3.7532977612795917
-3.973977240338962
-4.0438715698286405
-3.9966558261512004
-4.189898979935756
-3.6246611117309815
-3.7568802719422894
-3.490102988056233
-3.6671917476008145
-3.787334697784647
-3.798183741691897
-3.792639738419376
-3.8104970587361175
-3.8902315103229443
-3.9716849213171805
-3.9929370202598613
-3.8611875506171978
-3.7852633553502675
-3.848382487593984
-4.036089626662073
-3.8184730034304626
-3.9746588089068426
-4.090807803069776
-3.7268447360190935
-3.8323427705581774
-3.9830938757280747
-3.8051033889846786
-4.105911006801158
-4.164351989220235
-3.99903459500995
-4.0750722342568295
-4.129096637456752
-3.9557949061626694
-4.061145434510435
-3.8028376147257488
-4.109285302373694
-3.861099103923211
-3.9865002022245126
-4.054362942193626
-4.38399005126523
-3.8737610606771167
-4.3502160248938315
-4.139803651946233
-4.322832265578769
-4.052211405715677
-3.9536131761213813
-4.370451449460465
-4.238896392671602
-4.272299880302067
-4.121111647692913
-4.031871221666229
-3.987568136748391
-3.9999032793009692
-4.270565229338562
-4.31370862808927
-4.1025815678868165
-4.196424259830088
-4.31346990885107
-4.000143005112672
-4.166651176145982
-4.020451623629545
-3.997362352037177
-4.006901061307712
